   0.00000000       0.00000000    
   1.49999997E-02   1.49983130E-02
   2.99999993E-02   4.49746884E-02
   4.49999981E-02   7.48903230E-02
   5.99999987E-02  0.104704805    
   7.49999955E-02  0.134377658    
   8.99999961E-02  0.163868681    
  0.104999997      0.193137541    
  0.119999997      0.222144261    
  0.134999990      0.250848860    
  0.149999991      0.279211372    
  0.164999992      0.307192773    
  0.179999992      0.334753096    
  0.194999993      0.361853331    
  0.209999993      0.388455123    
  0.224999994      0.414518982    
  0.239999995      0.440007925    
  0.254999995      0.464882195    
  0.269999981      0.489106745    
  0.284999967      0.512640655    
  0.299999952      0.535451412    
  0.314999938      0.557499170    
  0.329999924      0.578749239    
  0.344999909      0.599166334    
  0.359999895      0.618714690    
  0.374999881      0.637359560    
  0.389999866      0.655068576    
  0.404999852      0.671806574    
  0.419999838      0.687541246    
  0.434999824      0.702239752    
  0.449999809      0.715870321    
  0.464999795      0.728401244    
  0.479999781      0.739804626    
  0.494999766      0.750046670    
  0.509999752      0.759100616    
  0.524999738      0.766937673    
  0.539999723      0.773527980    
  0.554999709      0.778850675    
  0.569999695      0.782868028    
  0.584999681      0.785568118    
  0.599999666      0.786911190    
  0.614999652      0.786889374    
  0.629999638      0.785466790    
  0.644999623      0.782621682    
  0.659999609      0.778342009    
  0.674999595      0.772600114    
  0.689999580      0.765376031    
  0.704999566      0.756649911    
  0.719999552      0.746407807    
  0.734999537      0.734627962    
  0.749999523      0.721300364    
  0.764999509      0.706399143    
  0.779999495      0.689922452    
  0.794999480      0.671844304    
  0.809999466      0.652164817    
  0.824999452      0.630862117    
  0.839999437      0.607930183    
  0.854999423      0.583359182    
  0.869999409      0.557139039    
  0.884999394      0.529265881    
  0.899999380      0.499727815    
  0.914999366      0.468524754    
  0.929999352      0.435646802    
  0.944999337      0.401095927    
  0.959999323      0.364864230    
  0.974999309      0.326959610    
  0.989999294      0.287374139    
   1.00499928      0.246107817    
   1.01999927      0.203160644    
   1.03499925      0.158556446    
   1.04999924      0.112259492    
   1.06499922       6.43174499E-02
   1.07999921       1.47104403E-02
   1.09499919      -3.65456305E-02
   1.10999918      -8.94467905E-02
   1.12499917     -0.143977150    
   1.13999915     -0.200124770    
   1.15499914     -0.257889688    
   1.16999912     -0.317251980    
   1.18499911     -0.378187865    
   1.19999909     -0.440701276    
   1.21499908     -0.504760444    
   1.22999907     -0.570357382    
   1.24499905     -0.637470305    
   1.25999904     -0.706077278    
   1.27499902     -0.776160479    
   1.28999901     -0.847700059    
   1.30499899     -0.920672119    
   1.31999898     -0.995048821    
   1.33499897      -1.07080841    
   1.34999895      -1.14792895    
   1.36499894      -1.22637463    
   1.37999892      -1.30612576    
   1.39499891      -1.38714838    
   1.40999889      -1.46941483    
   1.42499888      -1.55289125    
   1.43999887      -1.63754773    
   1.45499885      -1.72335172    
   1.46999884      -1.81026530    
   1.48499882      -1.89825881    
   1.49999881      -1.98729026    
   1.51499879      -2.07732725    
   1.52999878      -2.16832924    
   1.54499876      -2.26025844    
   1.55999875      -2.35307288    
   1.57499874      -2.44673467    
   1.58999872      -2.54119968    
   1.60499871      -2.63642669    
   1.61999869      -2.73237038    
   1.63499868      -2.82898712    
   1.64999866      -2.92623425    
   1.66499865      -3.02406430    
   1.67999864      -3.12242413    
   1.69499862      -3.22127843    
   1.70999861      -3.32056594    
   1.72499859      -3.42024684    
   1.73999858      -3.52026367    
   1.75499856      -3.62058020    
   1.76999855      -3.72111750    
   1.78499854      -3.82185745    
   1.79999852      -3.92272043    
   1.81499851      -4.02366304    
   1.82999849      -4.12463760    
   1.84499848      -4.22557592    
   1.85999846      -4.32643509    
   1.87499845      -4.42715502    
   1.88999844      -4.52766848    
   1.90499842      -4.62793159    
   1.91999841      -4.72790051    
   1.93499839      -4.82748032    
   1.94999838      -4.92663050    
   1.96499836      -5.02532816    
   1.97999835      -5.12343740    
   1.99499834      -5.22096634    
   2.00999832      -5.31783628    
   2.02499843      -5.41397142    
   2.03999853      -5.50931406    
   2.05499864      -5.60383034    
   2.06999874      -5.69742489    
   2.08499885      -5.79006577    
   2.09999895      -5.88164997    
   2.11499906      -5.97215271    
   2.12999916      -6.06152725    
   2.14499927      -6.14967823    
   2.15999937      -6.23654127    
   2.17499948      -6.32203770    
   2.18999958      -6.40618277    
   2.20499969      -6.48883390    
   2.21999979      -6.56995964    
   2.23499990      -6.64949512    
   2.25000000      -6.72740984    
   2.26500010      -6.80356026    
   2.28000021      -6.87797832    
   2.29500031      -6.95055246    
   2.31000042      -7.02123499    
   2.32500052      -7.08989906    
   2.34000063      -7.15662384    
   2.35500073      -7.22121906    
   2.37000084      -7.28366852    
   2.38500094      -7.34394026    
   2.40000105      -7.40192318    
   2.41500115      -7.45761728    
   2.43000126      -7.51089573    
   2.44500136      -7.56172609    
   2.46000147      -7.61010885    
   2.47500157      -7.65588474    
   2.49000168      -7.69908619    
   2.50500178      -7.73958492    
   2.52000189      -7.77731848    
   2.53500199      -7.81234980    
   2.55000210      -7.84448862    
   2.56500220      -7.87376642    
   2.58000231      -7.90008736    
   2.59500241      -7.92335701    
   2.61000252      -7.94366980    
   2.62500262      -7.96080446    
   2.64000273      -7.97479153    
   2.65500283      -7.98559952    
   2.67000294      -7.99316549    
   2.68500304      -7.99736166    
   2.70000315      -7.99828339    
   2.71500325      -7.99574041    
   2.73000336      -7.98985910    
   2.74500346      -7.98035431    
   2.76000357      -7.96741629    
   2.77500367      -7.95088625    
   2.79000378      -7.93070030    
   2.80500388      -7.90692186    
   2.82000399      -7.87942457    
   2.83500409      -7.84820795    
   2.85000420      -7.81320810    
   2.86500430      -7.77436209    
   2.88000441      -7.73170137    
   2.89500451      -7.68522596    
   2.91000462      -7.63480902    
   2.92500472      -7.58038616    
   2.94000483      -7.52208519    
   2.95500493      -7.45977926    
   2.97000504      -7.39340401    
   2.98500514      -7.32308674    
   3.00000525      -7.24863720    
   3.01500535      -7.17005491    
   3.03000546      -7.08740377    
   3.04500556      -7.00055647    
   3.06000566      -6.90963984    
   3.07500577      -6.81446409    
   3.09000587      -6.71521902    
   3.10500598      -6.61158705    
   3.12000608      -6.50401354    
   3.13500619      -6.39198923    
   3.15000629      -6.27583265    
   3.16500640      -6.15535259    
   3.18000650      -6.03067636    
   3.19500661      -5.90180397    
   3.21000671      -5.76867199    
   3.22500682      -5.63115311    
   3.24000692      -5.48943806    
   3.25500703      -5.34352684    
   3.27000713      -5.19335604    
   3.28500724      -5.03886175    
   3.30000734      -4.88017178    
   3.31500745      -4.71728516    
   3.33000755      -4.55013895    
   3.34500766      -4.37879658    
   3.36000776      -4.20319462    
   3.37500787      -4.02365112    
   3.39000797      -3.83959317    
   3.40500808      -3.65165710    
   3.42000818      -3.45946121    
   3.43500829      -3.26325989    
   3.45000839      -3.06298971    
   3.46500850      -2.85852337    
   3.48000860      -2.65024233    
   3.49500871      -2.43776512    
   3.51000881      -2.22147346    
   3.52500892      -2.00123978    
   3.54000902      -1.77706432    
   3.55500913      -1.54913771    
   3.57000923      -1.31720579    
   3.58500934      -1.08164990    
   3.60000944     -0.842342854    
   3.61500955     -0.599284768    
   3.63000965     -0.352729887    
   3.64500976     -0.102423906    
   3.66000986      0.151442423    
   3.67500997      0.408614784    
   3.69001007      0.669347525    
   3.70501018      0.933513463    
   3.72001028       1.20092189    
   3.73501039       1.47169995    
   3.75001049       1.74546611    
   3.76501060       2.02272916    
   3.78001070       2.30272579    
   3.79501081       2.58596516    
   3.81001091       2.87212896    
   3.82501101       3.16102672    
   3.84001112       3.45297623    
   3.85501122       3.74753237    
   3.87001133       4.04469538    
   3.88501143       4.34452820    
   3.90001154       4.64690447    
   3.91501164       4.95169687    
   3.93001175       5.25877762    
   3.94501185       5.56821108    
   3.96001196       5.87980604    
   3.97501206       6.19349909    
   3.99001217       6.50929022    
   4.00501204       6.82690668    
   4.02001190       7.14645386    
   4.03501177       7.46752691    
   4.05001163       7.79063463    
   4.06501150       8.11495018    
   4.08001137       8.44098282    
   4.09501123       8.76822376    
   4.11001110       9.09686279    
   4.12501097       9.42658234    
   4.14001083       9.75731945    
   4.15501070       10.0892649    
   4.17001057       10.4218454    
   4.18501043       10.7553167    
   4.20001030       11.0893602    
   4.21501017       11.4240389    
   4.23001003       11.7591629    
   4.24500990       12.0945415    
   4.26000977       12.4301424    
   4.27500963       12.7659664    
   4.29000950       13.1016312    
   4.30500937       13.4373589    
   4.32000923       13.7727375    
   4.33500910       14.1077976    
   4.35000896       14.4423494    
   4.36500883       14.7763929    
   4.38000870       15.1097689    
   4.39500856       15.4422226    
   4.41000843       15.7738504    
   4.42500830       16.1043320    
   4.44000816       16.4337025    
   4.45500803       16.7617378    
   4.47000790       17.0883751    
   4.48500776       17.4134216    
   4.50000763       17.7368793    
   4.51500750       18.0584927    
   4.53000736       18.3781834    
   4.54500723       18.6958714    
   4.56000710       19.0113811    
   4.57500696       19.3245697    
   4.59000683       19.6353588    
   4.60500669       19.9436054    
   4.62000656       20.2491646    
   4.63500643       20.5519676    
   4.65000629       20.8517895    
   4.66500616       21.1485920    
   4.68000603       21.4422112    
   4.69500589       21.7325096    
   4.71000576       22.0193863    
   4.72500563       22.3026905    
   4.74000549       22.5823059    
   4.75500536       22.8581161    
   4.77000523       23.1299667    
   4.78500509       23.3977489    
   4.80000496       23.6613388    
   4.81500483       23.9206219    
   4.83000469       24.1754303    
   4.84500456       24.4256611    
   4.86000443       24.6712170    
   4.87500429       24.9119434    
   4.89000416       25.1476784    
   4.90500402       25.3784218    
   4.92000389       25.6039028    
   4.93500376       25.8241100    
   4.95000362       26.0388794    
   4.96500349       26.2480202    
   4.98000336       26.4515362    
   4.99500322       26.6492672    
   5.01000309       26.8410530    
   5.02500296       27.0268612    
   5.04000282       27.2064724    
   5.05500269       27.3797874    
   5.07000256       27.5467472    
   5.08500242       27.7072830    
   5.10000229       27.8611431    
   5.11500216       28.0082645    
   5.13000202       28.1485844    
   5.14500189       28.2820358    
   5.16000175       28.4083672    
   5.17500162       28.5276413    
   5.19000149       28.6395397    
   5.20500135       28.7441902    
   5.22000122       28.8413391    
   5.23500109       28.9309216    
   5.25000095       29.0128117    
   5.26500082       29.0871983    
   5.28000069       29.1533833    
   5.29500055       29.2118759    
   5.31000042       29.2622948    
   5.32500029       29.3044472    
   5.34000015       29.3387165    
   5.35500002       29.3642750    
   5.36999989       29.3819504    
   5.38499975       29.3905964    
   5.39999962       29.3912315    
   5.41499949       29.3829670    
   5.42999935       29.3660545    
   5.44499922       29.3403702    
   5.45999908       29.3059101    
   5.47499895       29.2625484    
   5.48999882       29.2100334    
   5.50499868       29.1487427    
   5.51999855       29.0782967    
   5.53499842       28.9984417    
   5.54999828       28.9095592    
   5.56499815       28.8113937    
   5.57999802       28.7040730    
   5.59499788       28.5870876    
   5.60999775       28.4606915    
   5.62499762       28.3251419    
   5.63999748       28.1796741    
   5.65499735       28.0246677    
   5.66999722       27.8606358    
   5.68499708       27.6861744    
   5.69999695       27.5025597    
   5.71499681       27.3095341    
   5.72999668       27.1060810    
   5.74499655       26.8930931    
   5.75999641       26.6704388    
   5.77499628       26.4381218    
   5.78999615       26.1960144    
   5.80499601       25.9438591    
   5.81999588       25.6819153    
   5.83499575       25.4103069    
   5.84999561       25.1290340    
   5.86499548       24.8372059    
   5.87999535       24.5363522    
   5.89499521       24.2251968    
   5.90999508       23.9046326    
   5.92499495       23.5737667    
   5.93999481       23.2332382    
   5.95499468       22.8830471    
   5.96999454       22.5231895    
   5.98499441       22.1536694    
   5.99999428       21.7739773    
   6.01499414       21.3851280    
   6.02999401       20.9863625    
   6.04499388       20.5776768    
   6.05999374       20.1603451    
   6.07499361       19.7323322    
   6.08999348       19.2956734    
   6.10499334       18.8490963    
   6.11999321       18.3936176    
   6.13499308       17.9284744    
   6.14999294       17.4539204    
   6.16499281       16.9707222    
   6.17999268       16.4776039    
   6.19499254       15.9760942    
   6.20999241       15.4651747    
   6.22499228       14.9456081    
   6.23999214       14.4168863    
   6.25499201       13.8792639    
   6.26999187       13.3335028    
   6.28499174       12.7788410    
   6.29999161       12.2157869    
   6.31499147       11.6438313    
   6.32999134       11.0642462    
   6.34499121       10.4757605    
   6.35999107       9.87939072    
   6.37499094       9.27539158    
   6.38999081       8.66325474    
   6.40499067       8.04297924    
   6.41999054       7.41532898    
   6.43499041       6.78030348    
   6.44999027       6.13713980    
   6.46499014       5.48736382    
   6.47999001       4.82995844    
   6.49498987       4.16619492    
   6.50998974       3.49454808    
   6.52498960       2.81654310    
   6.53998947       2.13218045    
   6.55498934       1.44069684    
   6.56998920      0.743363976    
   6.58498907       3.94188911E-02
   6.59998894     -0.670375407    
   6.61498880      -1.38576472    
   6.62998867      -2.10751176    
   6.64498854      -2.83459949    
   6.65998840      -3.56677365    
   6.67498827      -4.30479717    
   6.68998814      -5.04790688    
   6.70498800      -5.79533958    
   6.71998787      -6.54785919    
   6.73498774      -7.30521011    
   6.74998760      -8.06688499    
   6.76498747      -8.83237457    
   6.77998734      -9.60244179    
   6.79498720      -10.3758144    
   6.80998707      -11.1535110    
   6.82498693      -11.9337511    
   6.83998680      -12.7183142    
   6.85498667      -13.5054197    
   6.86998653      -14.2953234    
   6.88498640      -15.0882788    
   6.89998627      -15.8832693    
   6.91498613      -16.6810570    
   6.92998600      -17.4803696    
   6.94498587      -18.2817173    
   6.95998573      -19.0853539    
   6.97498560      -19.8897533    
   6.98998547      -20.6954250    
   7.00498533      -21.5023689    
   7.01998520      -22.3100739    
   7.03498507      -23.1182880    
   7.04998493      -23.9272652    
   7.06498480      -24.7354794    
   7.07998466      -25.5442028    
   7.09498453      -26.3526726    
   7.10998440      -27.1603775    
   7.12498426      -27.9678288    
   7.13998413      -28.7735004    
   7.15498400      -29.5784092    
   7.16998386      -30.3820457    
   7.18498373      -31.1833935    
   7.19998360      -31.9834690    
   7.21498346      -32.7812576    
   7.22998333      -33.5761185    
   7.24498320      -34.3690758    
   7.25998306      -35.1584702    
   7.27498293      -35.9453239    
   7.28998280      -36.7288666    
   7.30498266      -37.5084724    
   7.31998253      -38.2841339    
   7.33498240      -39.0561066    
   7.34998226      -39.8237610    
   7.36498213      -40.5865784    
   7.37998199      -41.3448181    
   7.39498186      -42.0979767    
   7.40998173      -42.8459167    
   7.42498159      -43.5883904    
   7.43998146      -44.3247604    
   7.45498133      -45.0554085    
   7.46998119      -45.7799530    
   7.48498106      -46.4976311    
   7.49998093      -47.2086983    
   7.51498079      -47.9131508    
   7.52998066      -48.6098480    
   7.54498053      -49.2992973    
   7.55998039      -49.9812431    
   7.57498026      -50.6550522    
   7.58998013      -51.3206596    
   7.60497999      -51.9780006    
   7.61997986      -52.6265068    
   7.63497972      -53.2663651    
   7.64997959      -53.8968124    
   7.66497946      -54.5180397    
   7.67997932      -55.1296692    
   7.69497919      -55.7315063    
   7.70997906      -56.3232346    
   7.72497892      -56.9045982    
   7.73997879      -57.4755363    
   7.75497866      -58.0357628    
   7.76997852      -58.5849266    
   7.78497839      -59.1228981    
   7.79997826      -59.6495209    
   7.81497812      -60.1644325    
   7.82997799      -60.6675072    
   7.84497786      -61.1584930    
   7.85997772      -61.6371994    
   7.87497759      -62.1033897    
   7.88997746      -62.5568619    
   7.90497732      -62.9974098    
   7.91997719      -63.4248161    
   7.93497705      -63.8388901    
   7.94997692      -64.2394409    
   7.96497679      -64.6262207    
   7.97997665      -64.9990158    
   7.99497652      -65.3578568    
   8.00997639      -65.7021332    
   8.02497673      -66.0321732    
   8.03997707      -66.3471909    
   8.05497742      -66.6475906    
   8.06997776      -66.9328613    
   8.08497810      -67.2028732    
   8.09997845      -67.4573746    
   8.11497879      -67.6964188    
   8.12997913      -67.9197693    
   8.14497948      -68.1270294    
   8.15997982      -68.3182678    
   8.17498016      -68.4931030    
   8.18998051      -68.6520462    
   8.20498085      -68.7938232    
   8.21998119      -68.9193192    
   8.23498154      -69.0277863    
   8.24998188      -69.1194611    
   8.26498222      -69.1938477    
   8.27998257      -69.2511902    
   8.29498291      -69.2907333    
   8.30998325      -69.3133698    
   8.32498360      -69.3178177    
   8.33998394      -69.3047256    
   8.35498428      -69.2743378    
   8.36998463      -69.2249985    
   8.38498497      -69.1586227    
   8.39998531      -69.0729218    
   8.41498566      -68.9699249    
   8.42998600      -68.8486252    
   8.44498634      -68.7079926    
   8.45998669      -68.5493011    
   8.47498703      -68.3728180    
   8.48998737      -68.1764908    
   8.50498772      -67.9616013    
   8.51998806      -67.7284012    
   8.53498840      -67.4763794    
   8.54998875      -67.2052917    
   8.56498909      -66.9146194    
   8.57998943      -66.6058884    
   8.59498978      -66.2775803    
   8.60999012      -65.9299393    
   8.62499046      -65.5637360    
   8.63999081      -65.1787109    
   8.65499115      -64.7736053    
   8.66999149      -64.3496704    
   8.68499184      -63.9066696    
   8.69999218      -63.4440842    
   8.71499252      -62.9629364    
   8.72999287      -62.4622040    
   8.74499321      -61.9426537    
   8.75999355      -61.4032669    
   8.77499390      -60.8455734    
   8.78999424      -60.2682953    
   8.80499458      -59.6719437    
   8.81999493      -59.0565186    
   8.83499527      -58.4222755    
   8.84999561      -57.7689629    
   8.86499596      -57.0960655    
   8.87999630      -56.4058762    
   8.89499664      -55.6958466    
   8.90999699      -54.9675140    
   8.92499733      -54.2198486    
   8.93999767      -53.4548912    
   8.95499802      -52.6695900    
   8.96999836      -51.8675041    
   8.98499870      -51.0466003    
   8.99999905      -50.2078972    
   9.01499939      -49.3503723    
   9.02999973      -48.4750443    
   9.04500008      -47.5824280    
   9.06000042      -46.6720085    
   9.07500076      -45.7427673    
   9.09000111      -44.7977638    
   9.10500145      -43.8349533    
   9.12000179      -42.8538361    
   9.13500214      -41.8569527    
   9.15000248      -40.8422661    
   9.16500282      -39.8118134    
   9.18000317      -38.7645760    
   9.19500351      -37.7005539    
   9.21000385      -36.6202545    
   9.22500420      -35.5241928    
   9.24000454      -34.4128685    
   9.25500488      -33.2847595    
   9.27000523      -32.1424103    
   9.28500557      -30.9832802    
   9.30000591      -29.8109226    
   9.31500626      -28.6222897    
   9.33000660      -27.4204330    
   9.34500694      -26.2023010    
   9.36000729      -24.9714546    
   9.37500763      -23.7268734    
   9.39000797      -22.4675446    
   9.40500832      -21.1954994    
   9.42000866      -19.9102287    
   9.43500900      -18.6112270    
   9.45000935      -17.3005276    
   9.46500969      -15.9776211    
   9.48001003      -14.6414900    
   9.49501038      -13.2941704    
   9.51001072      -11.9356604    
   9.52501106      -10.5644350    
   9.54001141      -9.18354607    
   9.55501175      -7.79095936    
   9.57001209      -6.38870859    
   9.58501244      -4.97628593    
   9.60001278      -3.55318213    
   9.61501312      -2.12143183    
   9.63001347     -0.679509163    
   9.64501381      0.770551205    
   9.66001415       2.22925806    
   9.67501450       3.69610286    
   9.69001484       5.17159367    
   9.70501518       6.65420580    
   9.72001553       8.14393806    
   9.73501587       9.64079094    
   9.75001621       11.1442556    
   9.76501656       12.6543331    
   9.78001690       14.1689873    
   9.79501724       15.6907625    
   9.81001759       17.2171154    
   9.82501793       18.7480450    
   9.84001827       20.2840614    
   9.85501862       21.8231297    
   9.87001896       23.3667755    
   9.88501930       24.9134712    
   9.90001965       26.4632206    
   9.91501999       28.0155125    
   9.93002033       29.5708561    
   9.94502068       31.1267090    
   9.96002102       32.6845970    
   9.97502136       34.2434998    
   9.99002171       35.8029137    
   10.0050220       37.3633423    
   10.0200224       38.9227524    
   10.0350227       40.4816589    
   10.0500231       42.0405617    
   10.0650234       43.5974312    
   10.0800238       45.1522675    
   10.0950241       46.7055740    
   10.1100245       48.2573586    
   10.1250248       49.8040581    
   10.1400251       51.3492279    
   10.1550255       52.8893127    
   10.1700258       54.4258385    
   10.1850262       55.9582939    
   10.2000265       57.4846458    
   10.2150269       59.0064201    
   10.2300272       60.5226021    
   10.2450275       62.0316620    
   10.2600279       63.5346184    
   10.2750282       65.0304565    
   10.2900286       66.5186615    
   10.3050289       67.9992371    
   10.3200293       69.4711685    
   10.3350296       70.9349594    
   10.3500299       72.3895950    
   10.3650303       73.8338089    
   10.3800306       75.2686157    
   10.3950310       76.6929855    
   10.4100313       78.1061707    
   10.4250317       79.5089340    
   10.4400320       80.8994827    
   10.4550323       82.2783356    
   10.4700327       83.6444778    
   10.4850330       84.9973907    
   10.5000334       86.3378448    
   10.5150337       87.6640625    
   10.5300341       88.9762878    
   10.5450344       90.2737656    
   10.5600348       91.5567398    
   10.5750351       92.8242111    
   10.5900354       94.0761642    
   10.6050358       95.3115921    
   10.6200361       96.5309906    
   10.6350365       97.7331009    
   10.6500368       98.9181747    
   10.6650372       100.085701    
   10.6800375       101.234665    
   10.6950378       102.365822    
   10.7100382       103.477402    
   10.7250385       104.570412    
   10.7400389       105.643333    
   10.7550392       106.696800    
   10.7700396       107.729668    
   10.7850399       108.741814    
   10.8000402       109.732979    
   10.8150406       110.702782    
   10.8300409       111.650711    
   10.8450413       112.576645    
   10.8600416       113.480003    
   10.8750420       114.360611    
   10.8900423       115.218132    
   10.9050426       116.052071    
   10.9200430       116.862228    
   10.9350433       117.648293    
   10.9500437       118.409813    
   10.9650440       119.146675    
   10.9800444       119.858406    
   10.9950447       120.544716    
   11.0100451       121.205353    
   11.0250454       121.840012    
   11.0400457       122.448357    
   11.0550461       123.030167    
   11.0700464       123.585098    
   11.0850468       124.112915    
   11.1000471       124.613327    
   11.1150475       125.086082    
   11.1300478       125.530991    
   11.1450481       125.947487    
   11.1600485       126.335938    
   11.1750488       126.695274    
   11.1900492       127.026260    
   11.2050495       127.327614    
   11.2200499       127.599846    
   11.2350502       127.842583    
   11.2500505       128.055435    
   11.2650509       128.238281    
   11.2800512       128.390610    
   11.2950516       128.513443    
   11.3100519       128.605255    
   11.3250523       128.666031    
   11.3400526       128.696548    
   11.3550529       128.695526    
   11.3700533       128.663239    
   11.3850536       128.600159    
   11.4000540       128.505310    
   11.4150543       128.378403    
   11.4300547       128.220230    
   11.4450550       128.030014    
   11.4600554       127.807747    
   11.4750557       127.553436    
   11.4900560       127.267090    
   11.5050564       126.947929    
   11.5200567       126.596733    
   11.5350571       126.214256    
   11.5500574       125.796684    
   11.5650578       125.349098    
   11.5800581       124.867950    
   11.5950584       124.353745    
   11.6100588       123.806984    
   11.6250591       123.228180    
   11.6400595       122.616310    
   11.6550598       121.971390    
   11.6700602       121.293915    
   11.6850605       120.582870    
   11.7000608       119.840805    
   11.7150612       119.066185    
   11.7300615       118.256470    
   11.7450619       117.416237    
   11.7600622       116.542946    
   11.7750626       115.637611    
   11.7900629       114.698708    
   11.8050632       113.727760    
   11.8200636       112.724777    
   11.8350639       111.690765    
   11.8500643       110.622673    
   11.8650646       109.522537    
   11.8800650       108.392906    
   11.8950653       107.229706    
   11.9100657       106.034966    
   11.9250660       104.808701    
   11.9400663       103.552422    
   11.9550667       102.263084    
   11.9700670       100.944244    
   11.9850674       99.5943832    
   12.0000677       98.2134933    
   12.0150681       96.8010712    
   12.0300684       95.3611832    
   12.0450687       93.8887405    
   12.0600691       92.3873138    
   12.0750694       90.8568878    
   12.0900698       89.2964554    
   12.1050701       87.7075500    
   12.1200705       86.0891342    
   12.1350708       84.4432602    
   12.1500711       82.7668610    
   12.1650715       81.0660553    
   12.1800718       79.3337173    
   12.1950722       77.5759430    
   12.2100725       75.7896881    
   12.2250729       73.9780045    
   12.2400732       72.1398697    
   12.2550735       70.2742691    
   12.2700739       68.3842621    
   12.2850742       66.4667816    
   12.3000746       64.5259094    
   12.3150749       62.5596046    
   12.3300753       60.5699043    
   12.3450756       58.5537529    
   12.3600760       56.5162430    
   12.3750763       54.4533043    
   12.3900766       52.3689995    
   12.4050770       50.2643509    
   12.4200773       48.1322403    
   12.4350777       45.9818153    
   12.4500780       43.8110504    
   12.4650784       41.6168861    
   12.4800787       39.4044113    
   12.4950790       37.1705780    
   12.5100794       34.9184303    
   12.5250797       32.6469574    
   12.5400801       30.3551407    
   12.5550804       28.0500984    
   12.5700808       25.7216606    
   12.5850811       23.3789806    
   12.6000814       21.0210438    
   12.6150818       18.6437798    
   12.6300821       16.2543068    
   12.6450825       13.8465252    
   12.6600828       11.4255199    
   12.6750832       8.99129009    
   12.6900835       6.54383612    
   12.7050838       4.08112383    
   12.7200842       1.60722232    
   12.7350845     -0.877868891    
   12.7500849      -3.37313247    
   12.7650852      -5.88263702    
   12.7800856      -8.40129662    
   12.7950859      -10.9270773    
   12.8100863      -13.4640474    
   12.8250866      -16.0091553    
   12.8400869      -18.5634174    
   12.8550873      -21.1227665    
   12.8700876      -23.6892357    
   12.8850880      -26.2628269    
   12.9000883      -28.8415031    
   12.9150887      -31.4262829    
   12.9300890      -34.0141144    
   12.9450893      -36.6039810    
   12.9600897      -39.1999474    
   12.9750900      -41.7969360    
   12.9900904      -44.3969727    
   13.0050907      -46.9970131    
   13.0200911      -49.5980682    
   13.0350914      -52.1991234    
   13.0500917      -54.7991600    
   13.0650921      -57.3981819    
   13.0800924      -59.9951668    
   13.0950928      -62.5901184    
   13.1100931      -65.1820221    
   13.1250935      -67.7688370    
   13.1400938      -70.3526001    
   13.1550941      -72.9302597    
   13.1700945      -75.5028305    
   13.1850948      -78.0682831    
   13.2000952      -80.6266098    
   13.2150955      -83.1778259    
   13.2300959      -85.7209015    
   13.2450962      -88.2537994    
   13.2600965      -90.7775421    
   13.2750969      -93.2911148    
   13.2900972      -95.7945175    
   13.3050976      -98.2846985    
   13.3200979      -100.762665    
   13.3350983      -103.228943    
   13.3500986      -105.681480    
   13.3650990      -108.118256    
   13.3800993      -110.540787    
   13.3950996      -112.949074    
   13.4101000      -115.339561    
   13.4251003      -117.713272    
   13.4401007      -120.071205    
   13.4551010      -122.408287    
   13.4701014      -124.728592    
   13.4851017      -127.029564    
   13.5001020      -129.308670    
   13.5151024      -131.568954    
   13.5301027      -133.805832    
   13.5451031      -136.022888    
   13.5601034      -138.216034    
   13.5751038      -140.385788    
   13.5901041      -142.532654    
   13.6051044      -144.655090    
   13.6201048      -146.751602    
   13.6351051      -148.822174    
   13.6501055      -150.867310    
   13.6651058      -152.884995    
   13.6801062      -154.875198    
   13.6951065      -156.837433    
   13.7101068      -158.771194    
   13.7251072      -160.674423    
   13.7401075      -162.549179    
   13.7551079      -164.393417    
   13.7701082      -166.205612    
   13.7851086      -167.986771    
   13.8001089      -169.735641    
   13.8151093      -171.452225    
   13.8301096      -173.134720    
   13.8451099      -174.783905    
   13.8601103      -176.398758    
   13.8751106      -177.979019    
   13.8901110      -179.522919    
   13.9051113      -181.031464    
   13.9201117      -182.503662    
   13.9351120      -183.938705    
   13.9501123      -185.336136    
   13.9651127      -186.696167    
   13.9801130      -188.017288    
   13.9951134      -189.299377    
   14.0101137      -190.542435    
   14.0251141      -191.745438    
   14.0401144      -192.908386    
   14.0551147      -194.030396    
   14.0701151      -195.111252    
   14.0851154      -196.150482    
   14.1001158      -197.147720    
   14.1151161      -198.102493    
   14.1301165      -199.014404    
   14.1451168      -199.883087    
   14.1601171      -200.708115    
   14.1751175      -201.489166    
   14.1901178      -202.225830    
   14.2051182      -202.917801    
   14.2201185      -203.564621    
   14.2351189      -204.166061    
   14.2501192      -204.721725    
   14.2651196      -205.231232    
   14.2801199      -205.694580    
   14.2951202      -206.111130    
   14.3101206      -206.480774    
   14.3251209      -206.802979    
   14.3401213      -207.077621    
   14.3551216      -207.304977    
   14.3701220      -207.483749    
   14.3851223      -207.614731    
   14.4001226      -207.696869    
   14.4151230      -207.730682    
   14.4301233      -207.714661    
   14.4451237      -207.650589    
   14.4601240      -207.537155    
   14.4751244      -207.373901    
   14.4901247      -207.161301    
   14.5051250      -206.898346    
   14.5201254      -206.586563    
   14.5351257      -206.223404    
   14.5501261      -205.810928    
   14.5651264      -205.348587    
   14.5801268      -204.835403    
   14.5951271      -204.271347    
   14.6101274      -203.657959    
   14.6251278      -202.993195    
   14.6401281      -202.278595    
   14.6551285      -201.512619    
   14.6701288      -200.696289    
   14.6851292      -199.829102    
   14.7001295      -198.912079    
   14.7151299      -197.943665    
   14.7301302      -196.925430    
   14.7451305      -195.856827    
   14.7601309      -194.736862    
   14.7751312      -193.567047    
   14.7901316      -192.345856    
   14.8051319      -191.076355    
   14.8201323      -189.755997    
   14.8351326      -188.384766    
   14.8501329      -186.965729    
   14.8651333      -185.493805    
   14.8801336      -183.976089    
   14.8951340      -182.406509    
   14.9101343      -180.787079    
   14.9251347      -179.120865    
   14.9401350      -177.404800    
   14.9551353      -175.640915    
   14.9701357      -173.828217    
   14.9851360      -171.966690    
   15.0001364      -170.057343    
